0281002117
0281002241
0281002313
0281002314
0281002480
0281002488
0281002494
0281002500
0281002507
0281002584
0281002593
0281002698
0281002700
0281002706
0281002718
0281002753
0281002872
0281002908
0414401102
0414701006
0432131734
0432191415
0432193480
0432193623
0433171123
0433171134
0433171159
0433171204
0433171214
0433171224
0433171291
0433171299
0433171303
0433171309
0433171326
0433171357
0433171366
0433171369
0433171370
0433171386
0433171398
0433171400
0433171414
0433171434
0433171435
0433171438
0433171444
0433171450
0433171457
0433171465
0433171493
0433171557
0433171562
0433171564
0433171574
0433171575
0433171583
0433171594
0433171600
0433171616
0433171628
0433171640
0433171641
0433171651
0433171679
0433171680
0433171681
0433171690
0433171699
0433171703
0433171712
0433171719
0433171724
0433171741
0433171755
0433171788
0433171800
0433171809
0433171811
0433171831
0433171846
0433171889
0433171901
0433171904
0433171914
0433171933
0433171939
0433171960
0433171961
0433171974
0433171980
0433171982
0433172040
0433172063
0433175048
0433175053
0433175062
0433175083
0433175085
0433175094
0433175096
0433175119
0433175122
0433175163
0433175165
0433175196
0433175203
0433175230
0433175269
0433175271
0433175297
0433175298
0433175314
0433175318
0433175321
0433175327
0433175337
0433175348
0433175366
0433175387
0433175395
0433175416
0433175431
0433175449
0433271046
0433271404
0433271478
0433271502
0433271518
0433271520
0433271534
0433271616
0433271632
0433271655
0433271656
0433271676
0433271680
0433271758
0433271898
0433272997
0434250072
0434250103
0434250120
0434250128
0434250155
0434250159
0434250161
0434250176
0434250897
0440020008
0440020028
0440020031
0440020032
0440020035
0440020045
0440020049
0440020078
0445115007
0445115028
0445115068
0445120019
0928400481
0928400487
0928400508
0928400607
0928400617
0928400620
0928400627
0928400633
0928400660
0928400721
0986435004090
0986435007090
0986435086090
0986445008090
1110010028
1110010030
1410105001
1410210050
1414613002
1417010008
1417010012
1417010997
1418325096
1418325145
1418325162
1418415055
1418415066
1418415509
1418415544
1418502210
1418502217
1418522047
1420283006
1427010002
1460140334
1460206303
1460210008
1460210321
1460225081
1460283312
1460400004
1460400014
1461015302
1461038319
1461074328
1463104639
1463162202
1463162245
1463218312
1465134784
1465230961
1466100401
1466110619
1466110660
1466111662
1467010501
1467010502
1467010517
1467010520
1467010535
1467010536
1468374041
1468376033
2410910006
2414612005
2414618012
2416156337
2417010010
2417010021
2417413071
2417413082
2418425981
2418445997
2418455216
2418455226
2418455333
2418455338
2418455342
2418455346
2418455379
2418455394
2418455402
2418455408
2418455429
2418455505
2418455508
2418455512
2418455517
2418455518
2418455542
2418455560
2418455727
2418529988
2418549993
2418552165
2418559009
2418559028
2418559035
2418559037
2418559040
2418559045
2430105035
2430134023
2430136085
2430136133
2430136166
2430136212
2430210081
2430210082
2433370467
2434614040
2437010055
2437010058
2437010062
2437010076
2437010077
2437010080
2437010082
2437010084
2437010091
2437010094
2437010107
2437010117
2437010130
2437010143
2443120028
2447010020
2447010023
2447010037
2447010038
2447010039
2447010043
2460140021
2460223001
2460283001
2460362003
2465130948
2467010003
2467010028
2467413025
2468335047
2469403154
2469403181
2469403271
2469403352
3421015100
6000900225
9401083503
9411612829
9413610290
9421610926
9421611418
9432610062
9432610077
9432610251
9432610295
9442610140
9442610405
9461615032
9461617567
9461626030
F00041P050
F00HN35932
F00HN36345
F00HN36635
F00HN37069
F00HN37759
F00HN37925
F00HN37926
F00HN37927
F00HN37928
F00N000066
F00N200106
F00N200208
F00N200991
F00N200999
F00N201451
F00N201973
F00R000741
F00R001166
F00R0P0133
F00R0P0141
F00R0P0253
F00R0P1112
F00R0P1114
F00R0P1249
F00R0P1731
F00R0P1739
F00R0P1765
F00RJ00005
F00RJ00218
F00RJ00220
F00RJ00222
F00RJ00339
F00RJ00399
F00RJ00420
F00RJ00656
F00RJ01026
F00RJ01029
F00RJ01159
F00RJ01208
F00RJ01218
F00RJ01456
F00RJ01533
F00RJ01878
F00RJ01919
F00RJ01941
F00RJ02130
F00RJ02175
F00RJ02219
F00RJ02466
F00VC01001
F00VC01003
F00VC01005
F00VC01015
F00VC01022
F00VC01023
F00VC01033
F00VC01038
F00VC01045
F00VC01046
F00VC01051
F00VC01053
F00VC01310
F00VC01324
F00VC01328
F00VC01334
F00VC01338
F00VC01347
F00VC01352
F00VC05001
F00VC05006
F00VC05008
F00VC05009
F00VC14012
F00VC14018
F00VC17003
F00VC17503
F00VC17504
F00VC21001
F00VC38002
F00VC99002
F00VD38011
F00VP01003
F00VX99995
F00VX99999
F00ZW00003
F00ZZ20000
F00ZZ20003
F01M100050
F01M100278
F01M100389
F01M100684
F01M100869
F01M101212
F01M101347
F01M101349
F01M101454
F01M101455
F01M101456
F01M101537
0450902161
0450904058
0450904077
0450905002
0450905030
0450905200
0450905203
0450905264
0450905273
0450905318
0450905905
0450905930
0450905969
0450906172
0450906174
0450906267
0450906374
0450906451
0450906452
0450906467
0450906468
0450906471
0450906508
0451102056
0451103029
0451103033
0451103079
0451103105
0451103111
0451103204
0451103221
0451103227
0451103232
0451103235
0451103252
0451103259
0451103261
0451103274
0451103276
0451103290
0451103298
0451103299
0451103300
0451103313
0451103314
0451103316
0451103318
0451103336
0451103347
0451103354
0451103355
0451103364
0451103368
0451103901
0451103906
0451103907
0451104026
0451203012
0451203087
0451203154
0451203201
0451203223
0451403077
0986450124
0986450509
0986452016
0986452023
0986452028
0986452036
0986452042
0986452044
0986452058
0986452061
0986452062
1457030013
1457070000
1457070001
1457070007
1457070008
1457414021
1457429061
1457429102
1457429118
1457429122
1457429152
1457429178
1457429192
1457429194
1457429198
1457429199
1457429238
1457429239
1457429243
1457429249
1457429252
1457429256
1457429263
1457429274
1457429278
1457429291
1457429619
1457429638
1457429647
1457429656
1457429657
1457429760
1457429777
1457429870
1457429994
1457431703
1457431704
1457431712
1457431720
1457431723
1457431724
1457432200
1457433004
1457433055
1457433070
1457433158
1457433160
1457433163
1457433281
1457433307
1457433331
1457433531
1457433571
1457433578
1457433589
1457433686
1457433698
1457433714
1457433747
1457433748
1457433752
1457433772
1457433963
1457433969
1457434105
1457434106
1457434123
1457434184
1457434201
1457434310
1457434314
1457434421
1457434437
1457434453
1457434511
1457437001
1987429051
1987429182
1987429188
1987429190
1987429404
1987429405
1987432001
1987432012
1987432039
1987432040
1987432043
1987432044
1987432056
1987432057
1987432076
1987432081
1987432097
1987432114
1987432137
1987432195
1987432208
1987432300
1987432397
1987432425
1987432431
1987432808
1987432809
1987432814
F026400007
F026400020
F026400044
F026400055
F026400103
F026400122
F026402047
F026403006
F026407001
F026407004
F026407006
F026407008
F026407014
F026407015
F026407022
F026407053
F026407078
F026407080
F026408900
F026408902
F026408903
1987301003
1987301005
1987301012
1987301040
1987301063
1987301074
1987301077
1987302012
1987302019
1987302041
1987302042
1987302045
1987302049
1987302075
1987302078
1987302079
1987302081
1987302082
1987302084
1987302203
1987302204
1987302205
1987302206
1987302207
1987302215
1987302218
1987302219
1987302225
1987302227
1987302228
1987302233
1987302240
1987302243
1987302251
1987302252
1987302280
1987302286
1987302411
1987302431
1987302441
1987302471
1987302501
1987302505
1987302506
1987302507
1987302510
1987302512
1987302517
1987302518
1987302920
1987302922
1987302923
1987302924
1987302925
1987302926
1987302927
1987302928
1987302929
1987302930
1987302931
1987302932
1987302933
1987302934
1987302936
1987302937
1987946024
1987946034
1987946047
1987946052
1987946059
1987946070
1987946072
1987946077
1987946097
1987947600
1987947601
1987947604
1987947605
1987947606
1987947607
1987947608
1987947610
1987947611
1987947613
1987947614
1987947615
1987947616
1987947618
1987947626
1987947630
1987947631
1987947632
1987947633
1987947635
1987947636
1987947638
1987947639
1987947640
1987947641
1987947648
1987947649
1987947650
1987947651
1987947652
1987947656
1987947658
1987947666
1987947676
1987947680
1987947683
1987947684
1987947685
1987947689
1987947690
1987947776
1987947778
1987947780
1987947781
1987947782
1987947783
1987947790
1987947812
1987947813
1987947816
1987947819
1987947820
1987947824
1987947829
1987947883
1987947885
1987947890
1987947894
1987947895
1987947896
1987947898
1987947917
1987947921
1987947927
1987947932
1987947933
1987947934
1987947937
1987947938
1987947940
1987947943
1987947944
1987947948
1987947949
1987947952
1987947953
1987947955
1987947956
1987947960
1987947972
1987947978
1987947979
1987947981
1987948304
1987948353
1987948410
1987948413
1987948452
1987948453
1987948479
1987948496
1987948761
1987948818
1987948855
1987949005
1987949018
1987949019
1987949023
1987949044
1987949045
1987949046
1987949047
1987949071
1987949072
1987949082
1987949095
1987949107
1987949139
1987949188
1987949191
1987949192
1987949194
1987949403
1987949413
1987949424
1987949433
1987949435
1987949437
1987949452
1987949455
1987949457
1987949459
1987949472
1987949538
1987949559
1987949562
1987949564
1987949565
1987949573
1987949574
1987949575
1987949605
1987949614
3397001539
3397001543
3397001725
3397001984
3397004667
3397004668
3397004669
3397004670
3397004671
3397004672
3397004673
3397004755
3397005158
3397005159
3397005160
3397005161
3397005162
3397005163
3397005772
3397007093
3397007096
3397007187
3397007215
3397007292
3397007311
3397007426
3397007466
3397008530
3397008531
3397008532
3397008533
3397008534
3397008536
3397008537
3397008538
3397008539
3397008585
3397008587
3397008588
3397008638
3397009051
3397011211
3397011402
3397011549
3397012455
3397018300
3397118202
3397118205
3397118302
3397118309
3397118900
3397118901
3397118902
3397118903
3397118904
3397118905
3397118906
3397118907
3397118908
3397118909
3397118910
3397118911
3397118912
3397118925
3397118927
3397118936
3397118938
3397118942
3397118946
3397118948
3397118955
3397118977
3397118979
3397118984
3397118986
3397118993
3397118994
3397118996
3397118997
0241050002
0241235751
0241235752
0241235757
0241236840
0242060501
0242129515
0242135509
0242135524
0242135802
0242140507
0242140515
0242222505
0242222804
0242225534
0242225553
0242225599
0242225859
0242229543
0242229555
0242229557
0242229613
0242229630
0242229652
0242229654
0242229655
0242229656
0242229657
0242229658
0242229659
0242229660
0242229661
0242229687
0242229699
0242229739
0242229775
0242229779
0242229796
0242229878
0242229879
0242229880
0242229882
0242229883
0242229884
0242229885
0242229902
0242229923
0242229924
0242229925
0242232801
0242232802
0242232803
0242232804
0242235540
0242235541
0242235547
0242235556
0242235607
0242235661
0242235663
0242235664
0242235665
0242235666
0242235667
0242235707
0242235769
0242235776
0242235797
0242235908
0242235909
0242235910
0242235912
0242235913
0242235914
0242235915
0242235917
0242235918
0242235981
0242235982
0242235983
0242235986
0242235987
0242235988
0242236510
0242236528
0242236561
0242236578
0242240506
0242240539
0242240587
0242240590
0242240591
0242240592
0242240593
0242240618
0242240619
0242240849
0242240850
0242245536
0242245558
0242245571
0242245576
0242335504
0258001051
0258005133
0258006537
0258007351
0258986501
0258986502
0258986503
0258986505
0258986506
0258986507
0258986602
0258986615
0280158017
0280158022
0280158107
0280158502
0280218004
0280218037
0280218116
0281002216
0281002896
0437502047
0580454001
1280210796
3430210606
0265004009
0265004010
0986424218
0986424219
0986424364
0986424455
0986424456
0986424482
0986424512
0986424523
0986424537
0986424636
0986424797
0986424814
0986460938
0986461769
0986465141
0986467720
0986468350
0986475032
0986475143
0986475433
0986475776
0986475836
0986475889
0986478132
0986478325
0986478730
0986478849
0986478853
0986479088
0986479144
0986487270
0986487610
0986494005
0986494006
0986494019
0986494027
0986494040
0986494053
0986494059
0986494081
1987473003
1987473006
1987473013
1987473026
1987473027
1987473037
1987474945
1987474946
1987474966
1987475077
1987476074
1987476217
1987476414
F026002482
F026002578
0130007027
0130063029
0189999030
018999903M
0189999070
0221504470
0221504473
0221506002
0250201027
0250201032
0250201038
0250201039
0250201053
0250201055
0250202001
0250202020
0250202022
0250202023
0250202032
0250202035
0250202036
0250202043
0250202102
0250202103
0250202128
0250202129
0250202130
0250202131
0250202132
0250202140
0250202141
0250202142
0250203002
0250402002
0250402005
0250403008
0250403009
0250603001
0261230191
0281002214
0331303070
0331303071
0332201107
0356100100
0356912948
0356912950
0392020024
0986221023
0986280412
0986280414
0986356331
0986356346
0986356359
0986356726
0986356739
0986356828
0986356868
0986356972
0986356980
0986356987
0986356988
1000301001
1000301011
1000301056
1000390004
1000500091
1000917003
1000917005
1001933101
1001933111
1004336402
1004336403
1004336408
1004336415
1004336526
1004336620
1005821303
1005821307
1005821312
1006209412
1006209500
1006209503
1006209504
1006209506
1006209510
1006209535
1006209538
1006209572
1006209618
1006209631
1006209642
1006209671
1006209693
1006209699
1006209793
1006209804
1006209807
1006209921
1006209983
1006209997
1006210155
1120591103
1120905510
1120905525
1120905531
1120905533
1127014022
1127014028
1191017003
1191017004
1191017005
1191017006
1191017007
1234332300
1234332350
1235522370
1237330809
1354489085
1904529901
1904529902
1904529903
1904529904
1904529905
1904529906
1904529907
1904529908
1904529909
1987529030
1987529031
1987529032
1987529033
1987529034
1987529037
1987529038
2000301000
2000301036
2000301043
2006209492
2339303222
2339303293
F000ZS0211
F00M144136
F00M144139
F00M146900
F00M990405
F00M990434
F00M991303
1987479001
1987479002
1987479003
1987479004
1987479035
1987479061
5000000150
5000000151
5000000163